**************************************************************************************************** 
                                            SUNY Broome
                               Gino Coppola, Liz Akulis, Guanxun Chen
                                          CST 202 - Lab 5
**************************************************************************************************** 


---------------------------------------------------------------------------------------------------- 
                                  Bubble Data Unsorted - 50 Values
---------------------------------------------------------------------------------------------------- 

   42   68   35    1
   70   25   79   59
   63   65    6   46
   82   28   62   92
   96   43   28   37
   92    5    3   54
   93   83   22   17
   19   96   48   27
   72   39   70   13
   68  100   36   95
    4   12   23   34
   74   65   42   12
   54   69
---------------------------------------------------------------------------------------------------- 
---------------------------------------------------------------------------------------------------- 
                                   Bubble Data Sorted - 50 Values
---------------------------------------------------------------------------------------------------- 

    1    3    4    5
    6   12   12   13
   17   19   22   23
   25   27   28   28
   34   35   36   37
   39   42   42   43
   46   48   54   54
   59   62   63   65
   65   68   68   69
   70   70   72   74
   79   82   83   92
   92   93   95   96
   96  100
---------------------------------------------------------------------------------------------------- 
---------------------------------------------------------------------------------------------------- 
                                Selection Data Unsorted - 50 Values
---------------------------------------------------------------------------------------------------- 

   42   68   35    1
   70   25   79   59
   63   65    6   46
   82   28   62   92
   96   43   28   37
   92    5    3   54
   93   83   22   17
   19   96   48   27
   72   39   70   13
   68  100   36   95
    4   12   23   34
   74   65   42   12
   54   69
---------------------------------------------------------------------------------------------------- 
---------------------------------------------------------------------------------------------------- 
                                 Selection Data Sorted - 50 Values
---------------------------------------------------------------------------------------------------- 

    1    3    4    5
    6   12   12   13
   17   19   22   23
   25   27   28   28
   34   35   36   37
   39   42   42   43
   46   48   54   54
   59   62   63   65
   65   68   68   69
   70   70   72   74
   79   82   83   92
   92   93   95   96
   96  100
---------------------------------------------------------------------------------------------------- 
